         0
         0
         0
         0
         0
         0
         0
         0
         0
         0
         0
         0
         0
         0
         0
         0
         0
         0
         3
         9
        11
         8
         7
        10
         6
         9
         3
         5
         5
         3
         3
         9
         7
         5
         3
         2
         6
        11
         7
         5
         2
         2
         4
         3
         3
         0
         3
         6
         3
         5
         4
         3
         3
         4
         3
         5
         4
         4
         7
         3
         4
         3
         6
         5
         3
         3
         1
         0
         2
         4
         5
         7
         3
         4
         4
         3
         2
         3
         2
         3
         3
         9
         2
         3
         6
         4
         2
         3
         4
         4
         3
         5
         4
         3
         4
         1
         3
         2
         4
         2
         3
         4
         5
         0
         4
         7
         6
         7
         4
        11
        14
        15
        17
        18
        28
        17
        21
        19
        21
        31
        31
        30
        23
        24
        24
        21
        24
        39
        30
        28
        32
        34
        32
        25
        35
        31
        30
        43
        38
        36
        33
        37
        29
        26
        20
        27
        29
        35
        28
        26
        21
        18
        32
        27
        14
        29
        19
        22
        21
        23
        13
        21
        23
        20
        16
        19
        15
        16
        18
        20
        11
        12
        14
        17
        18
         7
        11
        15
        13
        17
         8
        14
        10
         5
        10
        13
        12
         8
         8
        10
        12
         3
         9
         6
         6
         9
         7
         6
         7
        12
         4
         6
         9
         6
         6
         8
         4
         7
         3
         6
         8
         6
         9
         2
         3
         2
         7
         5
         3
         7
         9
         6
         6
         3
         2
         2
         7
         3
         8
         5
         5
         2
         1
         2
         4
         2
         4
         1
         2
         3
         0
         0
         5
         3
         3
         3
         3
         2
         6
         2
         3
         3
         4
         4
         3
         2
         2
         4
         4
         4
         6
         2
         3
         4
         4
         2
         3
         3
         2
         2
         1
         0
         1
         4
         3
         4
         1
         2
         2
         4
         3
         2
         4
         0
         3
         3
         2
         1
         1
         1
         2
         1
         2
         1
         6
         3
         1
         2
         1
         4
         0
         1
         1
         0
         1
         2
         3
         0
         1
         1
         2
         1
         2
         1
         2
         1
         0
         4
         1
         3
         1
         2
         2
         1
         3
         1
         3
         1
         0
         0
         1
         0
         0
         1
         0
         1
         0
         2
         0
         0
         2
         0
         0
         1
         2
         2
         1
         3
         1
         1
         1
         1
         0
         0
         0
         2
         1
         1
         0
         0
         0
         3
         2
         0
         0
         1
         1
         2
         1
         2
         0
         1
         1
         1
         0
         1
         0
         1
         1
         1
         4
         0
         0
         1
         2
         0
         0
         2
         2
         2
         0
         0
         1
         0
         0
         1
         1
         0
         0
         0
         0
         1
         1
         0
         0
         0
         1
         0
         0
         1
         0
         2
         0
         2
         0
         0
         0
         0
         1
         0
         0
         2
         0
         0
         0
         1
         0
         0
         1
         0
         0
         0
         1
         0
         1
         0
         0
         1
         1
         0
         0
         0
         0
         0
         0
         0
         0
         0
         0
         0
         0
         0
         0
         0
         1
         2
         1
         0
         1
         0
         0
         0
         0
         0
         0
         0
         0
         1
         0
         0
         0
         0
         0
         0
         0
         0
         0
         0
         0
         0
         0
         0
         0
         0
         0
         0
         0
         0
         0
         1
         0
         0
         0
         2
         1
         0
         0
         0
         0
         1
         0
         0
         0
         0
         0
         2
         0
         0
         0
         0
         0
         0
         1
         0
         0
         0
         0
         0
         1
         0
         0
         0
         0
         0
         0
         0
         0
         1
         0
         0
         0
         0
         0
         0
         0
         0
         0
         0
         1
         0
         0
         0
         0
         0
         1
         0
         1
         0
         0
         0
         0
         0
         0
         0
         0
         0
         0
         0
         0
         0
         0
         0
         0
         0
         0
         0
         1
         0
         0
         0
         0
         0
         0
         0
         0
         0
         0
         0
         0
         0
         0
         0
         0
         0
         0
         0
         0
         0
         0
         0
         0
         0
         0
         0
         0
         0
         0
         0
         0
         0
         0
         0
         0
         0
         0
         0
         0
         0
         0
         0
         0
         0
         0
         0
         0
         0
         0
         0
         0
         1
         0
         0
         0
         0
         0
         0
         0
         0
         0
         0
         0
         0
         0
         0
         0
         0
         0
         0
         0
         0
         0
         0
         0
         0
         0
         0
         0
         0
         0
         0
         0
         0
         0
         0
         0
         0
         0
         0
         0
         0
         0
         0
         0
         0
         0
         0
         0
         0
         0
         0
         0
         0
         0
         0
         1
         0
         0
         0
         0
         0
         0
         0
         0
         0
         0
         0
         0
         0
         0
         0
         0
         0
         0
         0
         0
         0
         0
         0
         0
         0
         0
         0
         0
         0
         0
         0
         0
         1
         0
         0
         0
         0
         0
         0
         0
         0
         0
         0
         0
         0
         0
         0
         0
         0
         0
         0
         0
         0
         0
         0
         0
         0
         0
         0
         0
         0
         0
         0
         0
         0
         0
         0
         0
         0
         0
         0
         0
         0
         0
         1
         0
         0
         0
         0
         0
         0
         0
         0
         1
         0
         0
         0
         0
         0
         0
         0
         0
         0
         0
         0
         0
         0
         0
         0
         0
         0
         0
         0
         0
         0
         0
         0
         0
         0
         0
         0
         0
         0
         0
         0
         0
         0
         0
         0
         0
         0
         0
         0
         0
         0
         0
         0
         0
         0
         0
         0
         0
         0
         0
         0
         0
         0
         0
         0
         0
         0
         0
         0
         0
         0
         0
         0
         0
         0
         0
         0
         0
         0
         0
         0
         0
         0
         0
         0
         0
         0
         0
         0
         0
         0
         0
         0
         0
         0
         0
         0
         0
         0
         0
         0
         0
         0
         0
         0
         0
         0
         0
         0
         0
         0
         0
         0
         0
         0
         0
         0
         0
         0
         0
         0
         0
         0
         0
         0
         0
         0
         0
         0
         0
         0
         0
         0
         0
         0
         0
         0
         0
         0
         0
         0
         0
         0
         0
         0
         0
         0
         0
         0
         0
         0
         0
         0
         0
         0
         0
         0
         0
         0
         0
         0
         0
         0
         0
         0
         0
         0
         0
         0
         0
         0
         0
         0
         0
         0
         0
         0
         0
         0
         0
         0
         0
         0
         0
         0
         0
         0
         0
         0
         0
         0
         0
         0
         0
         0
         0
         0
         0
         0
         0
         0
         0
         0
         0
         0
         0
         0
         0
         0
         0
         0
         0
         0
         0
         0
         0
         0
         0
         0
         0
         0
         0
         0
         0
         0
         0
         0
         0
         0
         0
         0
         0
         0
         0
         0
         0
         0
         0
         0
         0
         0
         0
         0
         0
         0
         0
         0
         0
         0
         0
         0
         0
         0
         0
         0
         0
         0
         0
         0
         0
         0
         0
         0
         0
         0
         0
         0
         0
         0
         0
         0
         0
         0
         0
         0
