         0
         0
         0
         0
         0
         0
         0
         0
         0
         0
         0
         0
         0
         0
         0
         0
         0
         0
         0
         8
        12
        12
         9
         6
         8
        14
         4
        10
         9
        12
        17
         9
         7
         4
         1
         4
         3
         2
         4
         4
         5
         5
         4
         8
         9
         5
         9
         5
         5
         5
         3
         9
         4
         7
         4
         6
         6
         6
         8
         4
         4
         6
         5
         3
         1
         2
        10
         2
         6
         6
         6
         5
         3
         3
         5
         9
         3
         3
         8
         5
         4
         6
         3
         3
         2
         5
         5
         6
         8
        10
         5
         4
         6
         6
         3
         4
         8
         7
         2
         3
         5
         6
         9
         4
         8
         8
         4
         6
        12
        13
        16
        16
        19
        25
        24
        22
        20
        30
        30
        32
        25
        27
        31
        41
        40
        31
        37
        40
        42
        38
        40
        42
        38
        30
        47
        48
        25
        40
        44
        34
        39
        32
        33
        25
        29
        33
        31
        31
        35
        33
        30
        34
        27
        26
        28
        27
        27
        24
        22
        22
        24
        19
        16
        23
        19
        13
        14
        25
        22
        12
        14
        18
        15
        15
         8
        17
        16
        20
        15
         7
        11
        10
        12
        13
         8
         8
        12
        12
        10
        19
        11
        19
        14
         9
        10
         6
        10
         6
        13
         8
         7
         5
         9
         8
         8
         8
         5
         8
         8
         5
        10
         4
        12
        10
         6
         9
         8
         5
         7
         8
         8
         7
         5
        12
         8
         5
         5
         1
         9
         6
         3
         7
         8
         2
         8
         5
         6
         5
         4
         7
         3
         3
         5
         3
         3
         5
         5
         9
         1
         8
         1
         3
         4
         2
         1
         3
         6
         4
         3
         4
         2
         2
         3
         3
         0
         5
         1
         5
         1
         3
         1
         1
         2
         3
         3
         3
         2
         2
         1
         3
         4
         2
         1
         2
         2
         3
         5
         3
         0
         2
         0
         2
         3
         2
         2
         1
         0
         1
         6
         2
         2
         2
         1
         1
         2
         4
         2
         3
         1
         1
         2
         1
         0
         0
         1
         2
         1
         4
         3
         5
         0
         2
         2
         2
         1
         0
         1
         2
         0
         2
         1
         0
         1
         1
         1
         0
         2
         1
         0
         3
         2
         2
         3
         1
         2
         1
         3
         1
         2
         1
         3
         2
         2
         3
         0
         2
         1
         2
         1
         0
         3
         1
         2
         0
         0
         2
         1
         1
         2
         1
         2
         0
         1
         1
         0
         3
         0
         0
         0
         1
         0
         1
         0
         1
         3
         1
         0
         1
         0
         0
         0
         0
         1
         0
         2
         1
         0
         1
         0
         0
         0
         0
         3
         0
         0
         1
         0
         1
         0
         1
         3
         1
         0
         1
         0
         1
         0
         1
         0
         0
         0
         0
         1
         0
         0
         2
         0
         0
         1
         0
         0
         1
         0
         1
         1
         0
         1
         2
         0
         0
         1
         1
         0
         0
         0
         1
         0
         0
         1
         1
         0
         0
         0
         1
         0
         0
         1
         0
         1
         1
         0
         2
         0
         0
         0
         0
         1
         0
         0
         0
         0
         0
         1
         0
         0
         0
         1
         0
         0
         1
         1
         0
         1
         0
         1
         0
         0
         0
         1
         0
         1
         0
         0
         0
         0
         0
         1
         0
         2
         0
         0
         0
         0
         1
         1
         0
         0
         0
         2
         0
         0
         2
         0
         0
         0
         1
         0
         0
         1
         1
         0
         0
         1
         0
         0
         0
         0
         0
         0
         1
         0
         0
         0
         0
         1
         1
         1
         0
         1
         1
         0
         0
         0
         0
         0
         0
         0
         0
         1
         0
         1
         0
         0
         0
         0
         0
         0
         0
         0
         0
         0
         0
         0
         1
         1
         1
         0
         0
         1
         1
         1
         0
         1
         0
         0
         0
         0
         0
         0
         0
         0
         0
         0
         1
         0
         0
         0
         0
         1
         0
         2
         0
         0
         0
         0
         0
         0
         0
         1
         0
         0
         0
         0
         1
         2
         0
         0
         0
         1
         0
         0
         1
         0
         0
         0
         0
         0
         0
         0
         0
         0
         0
         0
         0
         0
         0
         0
         0
         0
         0
         1
         0
         0
         0
         0
         0
         0
         0
         0
         0
         1
         0
         0
         0
         0
         0
         0
         0
         0
         1
         0
         0
         0
         0
         0
         0
         0
         0
         1
         0
         0
         0
         0
         0
         1
         0
         0
         0
         0
         0
         0
         0
         1
         0
         0
         0
         0
         0
         0
         0
         0
         0
         0
         0
         0
         0
         0
         0
         0
         0
         0
         0
         0
         0
         0
         0
         0
         0
         0
         0
         1
         0
         0
         0
         0
         0
         0
         0
         0
         0
         0
         0
         0
         0
         0
         0
         0
         0
         0
         0
         0
         1
         0
         0
         0
         0
         0
         0
         0
         0
         0
         0
         0
         1
         0
         0
         0
         0
         1
         1
         0
         0
         0
         0
         0
         0
         0
         0
         0
         0
         0
         0
         1
         0
         0
         0
         0
         0
         0
         1
         0
         0
         0
         0
         0
         0
         0
         0
         0
         0
         0
         0
         0
         0
         0
         0
         0
         0
         0
         0
         0
         0
         0
         0
         1
         0
         0
         0
         0
         0
         0
         0
         0
         0
         0
         0
         0
         0
         0
         0
         0
         0
         0
         0
         0
         0
         0
         0
         0
         0
         0
         0
         0
         0
         0
         0
         0
         0
         0
         0
         0
         0
         0
         0
         0
         0
         0
         0
         0
         0
         0
         0
         0
         0
         0
         0
         0
         0
         0
         0
         0
         0
         0
         0
         0
         0
         0
         0
         0
         0
         0
         0
         0
         0
         0
         0
         0
         0
         0
         0
         0
         0
         0
         0
         0
         0
         0
         0
         0
         0
         0
         0
         0
         0
         0
         0
         0
         0
         0
         0
         0
         0
         0
         0
         0
         0
         0
         0
         0
         0
         0
         0
         0
         0
         0
         0
         0
         0
         0
         0
         0
         0
         0
         0
         0
         0
         0
         0
         0
         0
         0
         0
         0
         0
         0
         0
         0
         0
         0
         0
         0
         0
         0
         0
         0
         0
         0
         0
         0
         0
         0
         0
         0
         0
         0
         0
         0
         0
         0
         0
         0
         0
         0
         0
         0
         0
         0
         0
         0
         0
         0
         0
         0
         0
         0
         0
         0
         0
         0
         0
         0
         0
         0
         0
         0
         0
         0
         0
         0
         0
         0
         0
         0
         0
         0
         0
         0
         0
         0
         0
         0
         0
         0
         0
         0
         0
         0
         0
         0
         0
         0
         0
         0
         0
         0
         0
         0
         0
         0
         0
         0
         0
         0
         0
         0
         0
         0
         0
         0
         0
         0
         0
         0
         0
         0
         0
         0
         0
         0
         0
         0
         0
         0
         0
