         0
         0
         0
         0
         2
         0
         1
         0
         0
         0
         0
         0
         1
         0
         0
         0
         0
        36
       645
      1984
      2436
      2141
      1741
      1626
      1366
      1285
      1150
      1075
      1081
       962
       889
       794
       724
       596
       541
       428
       358
       294
       255
       232
       182
       178
       188
       148
       142
       105
       111
       115
       100
        81
        74
        77
        58
        60
        52
        67
        51
        55
        51
        48
        49
        37
        41
        56
        45
        38
        43
        38
        27
        31
        22
        24
        25
        24
        30
        18
        27
        16
        22
        16
        13
        16
        14
        22
        16
        13
        25
        18
        18
        15
        20
        11
        24
        20
        15
        20
        18
        16
        22
        26
        16
        15
        14
        12
        13
        18
        20
        23
        17
        28
        22
        32
        24
        25
        35
        34
        43
        42
        37
        44
        61
        49
        59
        48
        64
        56
        61
        59
        70
        57
        51
        61
        69
        68
        62
        71
        74
        64
        57
        62
        67
        73
        76
        55
        61
        58
        62
        60
        61
        52
        49
        81
        66
        57
        53
        67
        65
        53
        63
        51
        67
        53
        56
        56
        50
        49
        58
        47
        49
        43
        58
        44
        49
        35
        34
        45
        38
        48
        54
        47
        43
        38
        39
        41
        47
        45
        48
        35
        38
        29
        35
        37
        43
        32
        34
        39
        36
        31
        39
        35
        37
        25
        31
        35
        36
        29
        33
        31
        34
        36
        29
        23
        29
        22
        26
        27
        25
        19
        28
        25
        23
        22
        24
        19
        30
        21
        29
        21
        30
        12
        24
        32
        17
        24
        13
        23
        21
        21
        22
        26
        15
        22
        17
        18
        19
        18
        18
        16
        15
        18
        20
        17
        15
        18
        13
        22
        16
        17
        18
        17
        17
        16
        11
        13
        13
        18
         9
        11
        13
        14
        16
        25
        14
         7
        16
         9
        16
        11
         6
         7
        18
        13
        15
        11
        16
         9
        10
         7
         6
        11
        11
        11
        10
         7
        14
        18
         6
        10
        14
        13
        12
        11
        11
        15
         5
        14
        12
        11
         8
        14
        15
         6
         9
         7
         9
         9
         4
         8
         6
         7
         7
        12
         5
         5
         9
         6
         5
         5
         6
         4
         7
         6
         7
         4
         5
         5
         4
         6
         8
        11
         7
         6
         8
         7
         4
         3
         6
         8
         5
         4
         7
         5
         5
         3
         4
         6
         6
         3
        11
         9
         3
        10
         4
         7
         6
         3
         5
         6
         4
         9
         4
         8
         4
         2
         3
         8
         5
         2
         9
         6
         3
         3
         6
         5
         8
         3
         3
         6
         4
         3
         1
         6
         5
         5
         5
         0
         8
         2
         4
         2
         4
         5
         6
         4
         6
         3
         6
         3
         3
         1
         2
         3
         6
         2
         6
         1
         6
         5
         0
         4
         6
         3
         5
         5
         2
         3
         2
         8
         4
         2
         0
         4
         1
         2
         3
         5
         2
         5
         3
         4
         1
         3
         3
         3
         1
         0
         1
         1
         4
         3
         7
         0
         5
         2
         4
         2
         2
         3
         0
         2
         3
         2
         4
         2
         1
         3
         3
         4
         1
         3
         1
         1
         1
         1
         0
         1
         0
         0
         0
         3
         3
         0
         1
         1
         1
         0
         1
         0
         2
         3
         0
         0
         1
         0
         1
         0
         0
         0
         1
         2
         5
         0
         2
         1
         0
         1
         0
         0
         1
         0
         2
         0
         1
         3
         0
         1
         0
         2
         1
         2
         0
         1
         2
         3
         0
         1
         0
         3
         0
         1
         0
         2
         1
         2
         0
         2
         1
         2
         1
         2
         1
         1
         2
         0
         2
         1
         0
         0
         0
         1
         1
         1
         1
         2
         0
         0
         2
         0
         0
         0
         1
         0
         1
         0
         1
         1
         1
         0
         1
         0
         0
         1
         4
         1
         1
         1
         1
         0
         0
         0
         0
         0
         0
         0
         0
         0
         0
         1
         0
         0
         0
         0
         0
         0
         0
         0
         1
         2
         1
         2
         0
         1
         0
         0
         0
         0
         2
         0
         0
         0
         0
         0
         1
         1
         0
         0
         0
         2
         0
         0
         1
         0
         0
         0
         0
         2
         2
         0
         1
         0
         1
         0
         0
         0
         0
         0
         1
         0
         0
         0
         0
         0
         0
         1
         1
         1
         1
         0
         0
         0
         0
         0
         0
         0
         1
         0
         1
         0
         0
         0
         1
         0
         0
         2
         1
         2
         1
         0
         0
         2
         1
         1
         0
         0
         0
         1
         0
         0
         0
         0
         0
         0
         0
         1
         2
         1
         0
         0
         0
         0
         1
         0
         1
         1
         1
         1
         0
         0
         1
         0
         0
         0
         0
         1
         0
         0
         0
         0
         0
         0
         0
         0
         0
         0
         0
         0
         0
         0
         1
         1
         0
         0
         1
         0
         0
         0
         0
         0
         0
         0
         0
         0
         0
         0
         0
         0
         0
         0
         0
         1
         0
         1
         1
         2
         1
         0
         0
         1
         0
         0
         0
         0
         0
         0
         0
         1
         0
         0
         1
         0
         0
         0
         0
         1
         0
         0
         0
         1
         0
         0
         0
         0
         1
         0
         0
         0
         0
         0
         0
         0
         0
         0
         0
         0
         0
         0
         0
         0
         0
         0
         0
         0
         0
         0
         0
         0
         0
         0
         0
         0
         0
         0
         0
         0
         0
         0
         0
         0
         0
         0
         0
         0
         0
         0
         0
         0
         0
         0
         0
         0
         0
         0
         0
         0
         0
         0
         0
         0
         0
         0
         0
         0
         0
         0
         0
         0
         0
         0
         0
         0
         0
         0
         0
         0
         0
         0
         0
         0
         0
         0
         0
         0
         0
         0
         0
         0
         0
         0
         0
         0
         0
         0
         0
         0
         0
         0
         0
         0
         0
         0
         0
         0
         0
         0
         0
         0
         0
         0
         0
         0
         0
         0
         0
         0
         0
         0
         0
         0
         0
         0
         0
         0
         0
         0
         0
         0
         0
         0
         0
         0
         0
         0
         0
         0
         0
         0
         0
         0
         0
         0
         0
         0
         0
         0
         0
         0
         0
         0
         0
         0
         0
         0
         0
         0
         0
         0
         0
         0
         0
         0
         0
         0
         0
         0
         0
         0
         0
         0
         0
         0
         0
         0
         0
         0
         0
         0
         0
         0
         0
         0
         0
         0
         0
         0
         0
         0
         0
         0
         0
         0
         0
         0
         0
         0
         0
         0
         0
         0
         0
         0
         0
         0
         0
         0
         0
         0
         0
         0
         0
         0
         0
         0
         0
         0
         0
         0
         0
         0
         0
         0
         0
         0
         0
         0
         0
         0
         0
         0
         0
         0
         0
         0
         0
         0
         0
         0
         0
         0
         0
         0
         0
         0
         0
         0
         0
         0
         0
         0
         0
         0
         0
         0
         0
         0
