         0
         0
         0
         0
         0
         0
         0
         0
         1
         2
         0
         0
         0
         0
         0
         1
         3
        78
       967
      3027
      3668
      3024
      2535
      2308
      1994
      1741
      1553
      1562
      1379
      1331
      1274
      1140
       959
       770
       625
       538
       434
       340
       312
       263
       233
       196
       197
       192
       157
       142
       137
       106
       116
        98
       124
        84
        82
        76
        91
        73
        59
        63
        67
        46
        58
        56
        63
        47
        50
        51
        47
        44
        42
        34
        43
        48
        41
        28
        42
        35
        19
        39
        23
        29
        29
        28
        32
        37
        26
        26
        26
        23
        27
        27
        26
        27
        35
        27
        31
        18
        25
        24
        28
        17
        24
        29
        22
        23
        28
        32
        27
        26
        32
        28
        42
        31
        40
        39
        55
        37
        49
        54
        57
        62
        48
        66
        64
        58
        71
        73
        75
        71
        71
        72
        80
        82
        71
        87
        87
        85
        86
        83
        92
        64
        91
        81
        79
        79
        71
        74
        60
        73
        66
        68
        80
        72
        71
        69
        79
        77
        52
        59
        70
        63
        75
        73
        71
        61
        40
        59
        71
        61
        62
        59
        51
        62
        60
        45
        63
        49
        51
        49
        67
        62
        44
        50
        36
        53
        49
        53
        53
        43
        46
        57
        40
        51
        33
        42
        51
        43
        37
        38
        54
        36
        40
        40
        32
        41
        46
        40
        36
        31
        23
        35
        45
        36
        30
        26
        33
        24
        32
        22
        21
        18
        35
        33
        13
        25
        29
        42
        31
        30
        28
        32
        16
        28
        17
        18
        29
        23
        18
        14
        30
        16
        18
        22
        22
        15
        24
        18
        13
        13
        16
        24
        23
        18
        18
        24
        21
        23
        20
        21
        21
        14
        25
        12
        18
        15
        14
        15
        20
        21
        14
        15
        17
        17
        22
        15
        20
        10
        27
        11
        17
        14
        15
        27
        13
         7
        13
        16
        15
        16
        18
        12
        14
        15
        11
        10
         8
         8
        10
         3
        15
         9
        14
        13
        12
        11
         6
        11
         9
         5
         9
        13
         9
         8
         7
        10
        13
         9
         9
        12
         7
        16
         9
         7
        14
        13
         7
        13
         9
        10
         6
         8
         9
        11
        10
         8
        13
         6
        10
         3
         5
         5
         8
         7
         7
         3
         7
         7
         6
         4
         9
         7
         4
         3
         5
         7
         6
         6
         7
         5
         3
         4
         5
         4
         3
         5
         5
         7
         4
         2
         3
        10
        10
         3
         4
         6
         2
         5
         4
         1
         7
         5
         2
         5
         4
         2
         0
         2
         3
         2
         6
         4
         2
         3
         7
         4
         4
         4
         3
         5
         6
         6
         4
         3
         7
         4
         2
         1
         4
         3
         2
         2
         4
         3
         2
         4
         1
         5
         6
         1
         1
         3
         5
         0
         4
         6
         0
         4
         4
         4
         3
         2
         3
         1
         1
         3
         1
         1
         3
         2
         1
         2
         2
         1
         6
         3
         4
         3
         2
         4
         1
         3
         2
         6
         1
         2
         5
         2
         1
         0
         2
         1
         0
         1
         3
         2
         3
         0
         2
         2
         0
         2
         2
         3
         2
         2
         3
         2
         0
         1
         1
         2
         2
         3
         1
         2
         3
         1
         2
         3
         4
         3
         2
         3
         1
         4
         2
         2
         2
         0
         1
         1
         0
         2
         3
         3
         1
         1
         5
         0
         3
         1
         4
         0
         2
         1
         1
         1
         0
         1
         0
         0
         0
         1
         1
         1
         1
         2
         0
         4
         0
         1
         2
         2
         0
         2
         1
         3
         1
         1
         2
         0
         0
         0
         0
         1
         0
         2
         1
         2
         3
         1
         1
         0
         0
         0
         0
         1
         0
         0
         0
         0
         1
         2
         3
         0
         2
         1
         0
         2
         1
         0
         1
         1
         1
         0
         1
         0
         1
         2
         0
         0
         1
         2
         0
         1
         0
         1
         2
         1
         0
         2
         0
         1
         2
         1
         0
         1
         1
         0
         1
         0
         1
         0
         0
         0
         0
         1
         0
         0
         1
         3
         1
         1
         2
         0
         1
         1
         1
         1
         0
         0
         1
         0
         0
         2
         1
         0
         0
         0
         2
         1
         0
         0
         0
         0
         1
         1
         0
         0
         0
         1
         2
         0
         1
         1
         1
         1
         0
         0
         1
         1
         0
         0
         0
         2
         1
         1
         1
         0
         0
         1
         0
         0
         0
         0
         1
         0
         0
         0
         0
         0
         0
         0
         0
         0
         0
         0
         0
         1
         1
         0
         1
         1
         0
         2
         0
         0
         0
         0
         1
         0
         1
         0
         0
         0
         0
         3
         0
         2
         0
         1
         1
         0
         0
         1
         1
         1
         1
         0
         0
         0
         0
         0
         0
         1
         1
         0
         0
         0
         0
         0
         1
         0
         1
         1
         0
         0
         0
         1
         1
         0
         0
         2
         1
         0
         1
         0
         0
         0
         0
         0
         0
         0
         0
         0
         0
         0
         1
         1
         2
         0
         2
         0
         0
         0
         0
         0
         0
         0
         0
         1
         0
         0
         0
         1
         0
         1
         1
         1
         0
         1
         0
         1
         1
         0
         1
         0
         0
         0
         0
         0
         0
         0
         2
         0
         0
         0
         0
         0
         0
         0
         0
         0
         0
         0
         0
         0
         0
         0
         0
         0
         0
         0
         0
         0
         0
         0
         0
         0
         0
         0
         0
         0
         0
         0
         0
         0
         0
         0
         0
         0
         0
         0
         0
         0
         0
         0
         0
         0
         0
         0
         0
         0
         0
         0
         0
         0
         0
         0
         0
         0
         0
         0
         0
         0
         0
         0
         0
         0
         0
         0
         0
         0
         0
         0
         0
         0
         0
         0
         0
         0
         0
         0
         0
         0
         0
         0
         0
         0
         0
         0
         0
         0
         0
         0
         0
         0
         0
         0
         0
         0
         0
         0
         0
         0
         0
         0
         0
         0
         0
         0
         0
         0
         0
         0
         0
         0
         0
         0
         0
         0
         0
         0
         0
         0
         0
         0
         0
         0
         0
         0
         0
         0
         0
         0
         0
         0
         0
         0
         0
         0
         0
         0
         0
         0
         0
         0
         0
         0
         0
         0
         0
         0
         0
         0
         0
         0
         0
         0
         0
         0
         0
         0
         0
         0
         0
         0
         0
         0
         0
         0
         0
         0
         0
         0
         0
         0
         0
         0
         0
         0
         0
         0
         0
         0
         0
         0
         0
         0
         0
         0
         0
         0
         0
         0
         0
         0
         0
         0
         0
         0
         0
         0
         0
         0
         0
         0
         0
         0
         0
         0
         0
         0
         0
         0
         0
         0
         0
         0
         0
         0
         0
         0
         0
         0
         0
         0
         0
         0
         0
         0
         0
         0
         0
         0
         0
         0
         0
         0
         0
         0
         0
         0
         0
         0
