         0
         0
         0
         0
         0
         2
         0
         0
         0
         0
         0
         0
         0
         0
         0
         0
         0
         0
         0
         5
       306
      1986
      3181
      3127
      2604
      2182
      2012
      1845
      1677
      1539
      1504
      1493
      1368
      1268
      1159
       969
       818
       610
       576
       479
       429
       371
       364
       330
       281
       292
       226
       224
       206
       166
       163
       152
       133
       140
       113
       113
       103
       117
       111
       103
        91
        82
        64
        79
        66
        81
        66
        70
        73
        82
        51
        52
        80
        44
        48
        74
        52
        53
        60
        53
        66
        55
        42
        37
        45
        37
        39
        46
        33
        37
        38
        39
        39
        31
        25
        39
        27
        26
        26
        23
        27
        31
        25
        27
        21
        33
        27
        27
        21
        20
        27
        40
        30
        30
        35
        27
        39
        51
        35
        57
        34
        43
        47
        43
        59
        50
        65
        61
        68
        64
        80
        93
        91
        78
        94
        93
        66
        76
        70
        92
        97
        89
        91
        66
        76
        99
        91
        86
        91
        90
        92
        88
        97
        85
        99
        71
        75
        71
        74
        84
        86
        81
        80
        78
        88
        78
        70
        79
        55
        70
        65
        52
        66
        63
        67
        62
        78
        52
        59
        65
        48
        66
        69
        52
        65
        57
        47
        52
        48
        60
        51
        46
        44
        53
        47
        56
        44
        30
        52
        40
        43
        53
        48
        37
        32
        56
        47
        28
        47
        37
        27
        43
        35
        44
        50
        39
        34
        28
        36
        41
        22
        39
        30
        36
        23
        39
        30
        36
        21
        20
        15
        29
        18
        33
        28
        22
        23
        26
        16
        27
        24
        18
        27
        19
        27
        21
        19
        28
        25
        25
        20
        17
        19
        27
        16
        19
        22
        15
        21
        13
        20
        12
        14
        24
        15
        15
        20
        16
        15
        20
        13
        22
        16
        16
         8
        13
        13
        15
        13
         9
        17
        15
        10
         6
        18
        13
        16
        20
        11
        12
        13
         8
         8
        11
        11
        14
        14
        18
        11
        11
        15
         7
        10
        18
         7
         7
         8
        10
         9
        11
         8
        18
        11
        10
         7
         9
         9
         7
         8
         3
        14
         8
         9
         9
         9
         8
         4
         8
         6
        12
         1
         7
         5
         6
         9
         2
         5
         4
         9
        10
        11
         7
        10
         3
         8
        10
         6
         4
         8
         4
         8
         3
         4
         4
         9
         6
        12
         9
         4
         8
         3
         7
         4
         7
        10
         7
        13
         6
         7
         2
         5
         7
         4
         4
         4
         4
         4
         8
         8
         9
         8
         5
         3
         5
         3
         5
         3
         3
         5
         4
         6
         6
         4
         5
         8
         7
         5
         5
         6
         8
         6
         2
         6
         2
         8
         5
         6
         3
         6
         7
         4
         4
         3
         4
         2
         2
         2
         2
         4
         2
         5
         6
         3
         3
         4
         3
         0
         4
         3
         3
         5
         2
         4
         1
         3
         2
         3
         2
         5
         5
         4
         4
         0
         5
         2
         2
         2
         2
         2
         3
         5
         2
         1
         1
         2
         1
         5
         4
         1
         3
         4
         2
         2
         3
         1
         7
         1
         1
         4
         2
         5
         2
         2
         1
         2
         0
         4
         1
         2
         1
         1
         4
         3
         3
         4
         3
         2
         0
         2
         0
         8
         0
         2
         1
         1
         3
         2
         2
         4
         5
         2
         1
         3
         2
         4
         5
         5
         4
         4
         5
         0
         3
         2
         0
         0
         2
         4
         1
         3
         0
         0
         2
         2
         2
         4
         2
         3
         4
         1
         2
         1
         0
         2
         2
         1
         1
         3
         0
         1
         2
         0
         2
         4
         1
         1
         3
         0
         1
         0
         1
         1
         0
         1
         0
         3
         0
         0
         4
         0
         1
         4
         1
         0
         1
         0
         2
         2
         1
         2
         1
         0
         0
         0
         0
         2
         2
         0
         0
         1
         3
         2
         1
         2
         1
         0
         1
         2
         1
         2
         1
         3
         2
         0
         0
         0
         1
         1
         0
         3
         2
         1
         2
         1
         0
         1
         0
         1
         5
         0
         2
         3
         0
         0
         1
         0
         1
         2
         0
         0
         2
         1
         0
         0
         1
         0
         2
         1
         0
         0
         0
         1
         1
         0
         1
         0
         0
         0
         0
         0
         0
         1
         3
         1
         0
         0
         0
         0
         0
         0
         1
         0
         1
         0
         1
         1
         1
         0
         2
         1
         0
         0
         2
         0
         3
         1
         0
         1
         2
         1
         0
         1
         1
         2
         0
         0
         1
         1
         2
         2
         0
         1
         1
         0
         0
         2
         0
         1
         0
         0
         0
         0
         1
         2
         1
         0
         0
         1
         0
         1
         0
         0
         0
         1
         0
         0
         1
         0
         0
         2
         0
         0
         0
         0
         1
         0
         2
         0
         0
         0
         1
         0
         0
         0
         0
         1
         0
         1
         0
         2
         0
         0
         1
         0
         2
         1
         0
         1
         1
         0
         1
         1
         0
         0
         0
         0
         0
         1
         2
         0
         0
         0
         0
         0
         0
         0
         0
         1
         1
         0
         1
         0
         0
         2
         1
         1
         0
         0
         1
         2
         0
         0
         0
         0
         1
         2
         0
         0
         1
         0
         0
         0
         0
         0
         0
         0
         0
         0
         0
         0
         0
         0
         0
         0
         0
         0
         0
         0
         0
         0
         0
         0
         0
         0
         0
         0
         0
         0
         0
         1
         1
         0
         0
         0
         0
         0
         0
         0
         0
         0
         0
         0
         0
         0
         0
         0
         0
         0
         0
         0
         0
         0
         0
         0
         0
         0
         0
         0
         0
         0
         0
         0
         0
         0
         0
         0
         0
         0
         0
         0
         0
         0
         0
         0
         0
         0
         0
         0
         0
         0
         0
         0
         0
         0
         0
         0
         0
         0
         0
         0
         0
         0
         0
         0
         0
         0
         0
         0
         0
         0
         0
         0
         0
         0
         0
         0
         0
         0
         0
         0
         0
         0
         0
         0
         0
         0
         0
         0
         0
         0
         0
         0
         0
         0
         0
         0
         0
         0
         0
         0
         0
         0
         0
         0
         0
         0
         0
         0
         0
         0
         0
         0
         0
         0
         0
         0
         0
         0
         0
         0
         0
         0
         0
         0
         0
         0
         0
         0
         0
         0
         0
         0
         0
         0
         0
         0
         0
         0
         0
         0
         0
         0
         0
         0
         0
         0
         0
         0
         0
         0
         0
         0
         0
         0
         0
         0
         0
         0
         0
         0
         0
         0
         0
         0
         0
         0
         0
         0
         0
         0
         0
         0
         0
         0
         0
         0
         0
         0
         0
         0
         0
         0
         0
         0
         0
         0
         0
         0
         0
         0
         0
         0
         0
         0
         0
         0
         0
         0
         0
         0
         0
         0
         0
         0
         0
         0
         0
         0
         0
         0
         0
         0
         0
         0
         0
